Biceps_1.txt.
0.04 326
0.08 328
0.12 329
0.16 329
0.2 329
0.24 327
0.28 326
0.32 328
0.36 330
0.4 330
0.44 330
0.48 329
0.52 329
0.56 330
0.6 328
0.64 330
0.68 329
0.72 328
0.76 327
0.8 330
0.84 329
0.88 328
0.92 328
0.96 329
1 330
1.04 330
1.08 327
1.12 327
1.16 329
1.2 328
1.24 330
1.28 332
1.32 328
1.36 328
1.4 329
1.44 329
1.48 329
1.52 327
1.56 329
1.6 328
1.64 326
1.68 328
1.72 331
1.76 327
1.8 328
1.84 329
1.88 329
1.92 329
1.96 327
2 329
2.04 328
2.08 327
2.12 327
2.16 331
2.2 332
2.24 329
2.28 329
2.32 328
2.36 327
2.4 330
2.44 330
2.48 331
2.52 330
2.56 329
2.6 327
2.64 326
2.68 330
2.72 328
2.76 329
2.8 329
2.84 328
2.88 329
2.92 328
2.96 332
3 328
3.04 328
3.08 331
3.12 326
3.16 329
3.2 330
3.24 332
3.28 330
3.32 329
3.36 329
3.4 326
3.44 329
3.48 326
3.52 331
3.56 327
3.6 330
3.64 329
3.68 328
3.72 330
3.76 328
3.8 330
3.84 328
3.88 326
3.92 329
3.96 331
4 327
4.04 330
4.08 330
4.12 329
4.16 327
4.2 332
4.24 327
4.28 331
4.32 328
4.36 329
4.4 330
4.44 330
4.48 326
4.52 328
4.56 325
4.6 329
4.64 327
4.68 320
4.72 334
4.76 329
4.8 327
4.84 334
4.88 342
4.92 332
4.96 336
5 329
5.04 335
5.08 329
5.12 324
5.16 317
5.2 321
5.24 346
5.28 328
5.32 337
5.36 326
5.4 326
5.44 323
5.48 333
5.52 327
5.56 349
5.6 311
5.64 313
5.68 308
5.72 348
5.76 341
5.8 337
5.84 341
5.88 322
5.92 347
5.96 317
6 335
6.04 341
6.08 334
6.12 325
6.16 326
6.2 329
6.24 318
6.28 339
6.32 329
6.36 356
6.4 325
6.44 333
6.48 346
6.52 324
6.56 328
6.6 347
6.64 329
6.68 341
6.72 327
6.76 308
6.8 343
6.84 361
6.88 325
6.92 329
6.96 338
7 326
7.04 332
7.08 356
7.12 331
7.16 343
7.2 311
7.24 336
7.28 345
7.32 344
7.36 344
7.4 326
7.44 332
7.48 360
7.52 337
7.56 324
7.6 354
7.64 338
7.68 339
7.72 353
7.76 331
7.8 334
7.84 337
7.88 337
7.92 331
7.96 334
8 342
8.04 351
8.08 339
8.12 336
8.16 341
8.2 337
8.24 348
8.28 342
8.32 341
8.36 342
8.4 341
8.44 336
8.48 339
8.52 338
8.56 335
8.6 354
8.64 331
8.68 333
8.72 320
8.76 330
8.8 329
8.84 332
8.88 330
8.92 326
8.96 326
9 329
9.04 327
9.08 327
9.12 328
9.16 325
9.2 326
9.24 321
9.28 327
9.32 328
9.36 326
9.4 322
9.44 327
9.48 324
9.52 326
9.56 323
9.6 322
9.64 322
9.68 325
9.72 323
9.76 324
9.8 322
9.84 320
9.88 327
9.92 326
9.96 323
10 326
10.04 324
10.08 322
10.12 324
10.16 321
10.2 323
10.24 323
10.28 323
10.32 324
10.36 323
10.4 324
10.44 323
10.48 323
10.52 324
10.56 326
10.6 326
10.64 326
10.68 321
10.72 322
10.76 322
10.8 326
10.84 323
10.88 326
10.92 326
10.96 328
11 325
11.04 324
11.08 327
11.12 324
11.16 327
11.2 326
11.24 325
11.28 324
11.32 325
11.36 328
11.4 327
11.44 330
11.48 325
11.52 326
11.56 334
11.6 309
11.64 323
11.68 326
11.72 335
11.76 331
11.8 314
11.84 335
11.88 312
11.92 323
11.96 329
12 326
12.04 332
12.08 321
12.12 335
12.16 322
12.2 324
12.24 320
12.28 331
12.32 336
12.36 326
12.4 338
12.44 341
12.48 331
12.52 329
12.56 333
12.6 320
12.64 345
12.68 333
12.72 332
12.76 343
12.8 337
12.84 319
12.88 343
12.92 338
12.96 357
13 344
13.04 304
13.08 324
13.12 323
13.16 333
13.2 359
13.24 332
13.28 340
13.32 341
13.36 341
13.4 339
13.44 353
13.48 333
13.52 342
13.56 340
13.6 329
13.64 324
13.68 348
13.72 333
13.76 337
13.8 319
13.84 308
13.88 330
13.92 339
13.96 341
14 335
14.04 334
14.08 330
14.12 349
14.16 346
14.2 326
14.24 355
14.28 333
14.32 359
14.36 341
14.4 352
14.44 319
14.48 336
14.52 328
14.56 351
14.6 327
14.64 325
14.68 338
14.72 339
14.76 336
14.8 342
14.84 340
14.88 339
14.92 333
14.96 335
15 351
15.04 336
15.08 341
15.12 334
15.16 336
15.2 340
15.24 342
15.28 334
15.32 339
15.36 330
15.4 331
15.44 333
15.48 337
15.52 328
15.56 330
15.6 322
15.64 330
15.68 330
15.72 330
15.76 325
15.8 328
15.84 330
15.88 330
15.92 328
15.96 328
16 329
16.04 328
16.08 327
16.12 329
16.16 326
16.2 329
16.24 326
16.28 325
16.32 325
16.36 326
16.4 324
16.44 325
16.48 324
16.52 320
16.56 322
16.6 323
16.64 323
16.68 323
16.72 325
16.76 322
16.8 322
16.84 325
16.88 324
16.92 324
16.96 321
17 325
17.04 325
17.08 322
17.12 323
17.16 325
17.2 323
17.24 323
17.28 326
17.32 324
17.36 323
17.4 323
17.44 320
17.48 324
17.52 327
17.56 325
17.6 325
17.64 323
17.68 325
17.72 326
17.76 322
17.8 323
17.84 325
17.88 323
17.92 327
17.96 322
18 323
18.04 325
18.08 327
18.12 324
18.16 326
18.2 324
18.24 325
18.28 325
18.32 326
18.36 328
18.4 325
18.44 325
18.48 325
18.52 317
18.56 331
18.6 329
18.64 325
18.68 320
18.72 323
18.76 316
18.8 312
18.84 323
18.88 340
18.92 333
18.96 331
19 319
19.04 322
19.08 329
19.12 324
19.16 330
19.2 333
19.24 328
19.28 332
19.32 332
19.36 331
19.4 336
19.44 319
19.48 351
19.52 333
19.56 330
19.6 309
19.64 334
19.68 329
19.72 315
19.76 332
19.8 306
19.84 296
19.88 336
19.92 340
19.96 304
20 314
20.04 327
20.08 315
20.12 292
20.16 330
20.2 327
20.24 323
20.28 342
20.32 306
20.36 323
20.4 334
20.44 327
20.48 309
20.52 310
20.56 321
20.6 330
20.64 332
20.68 337
20.72 328
20.76 321
20.8 311
20.84 335
20.88 323
20.92 323
20.96 326
21 328
21.04 324
21.08 320
21.12 317
21.16 337
21.2 310
21.24 342
21.28 312
21.32 311
21.36 324
21.4 330
21.44 330
21.48 329
21.52 327
21.56 324
21.6 329
21.64 330
21.68 335
21.72 327
21.76 328
21.8 333
21.84 332
21.88 340
21.92 329
21.96 335
22 336
22.04 339
22.08 330
22.12 333
22.16 333
22.2 331
22.24 334
22.28 334
22.32 329
22.36 331
22.4 329
22.44 326
22.48 330
22.52 331
22.56 337
22.6 327
22.64 333
22.68 334
22.72 336
22.76 332
22.8 333
22.84 333
22.88 332
22.92 330
22.96 330
23 329
23.04 330
23.08 330
23.12 330
23.16 331
23.2 330
23.24 327
23.28 326
23.32 331
23.36 327
23.4 332
23.44 332
23.48 329
23.52 335
23.56 329
23.6 331
23.64 326
23.68 329
23.72 330
23.76 332
23.8 330
23.84 329
23.88 333
23.92 334
23.96 332
24 331
24.04 333
24.08 332
24.12 328
24.16 328
24.2 328
24.24 334
24.28 329
24.32 329
24.36 330
24.4 329
24.44 332
24.48 331
24.52 328
24.56 334
24.6 330
24.64 329
24.68 334
24.72 330
24.76 333
24.8 328
24.84 326
24.88 327
24.92 330
24.96 329
25 328
25.04 334
25.08 331
25.12 334
25.16 323
25.2 333
25.24 328
25.28 326
25.32 335
25.36 326
25.4 336
25.44 330
25.48 321
25.52 321
25.56 320
25.6 330
25.64 337
25.68 338
25.72 337
25.76 328
25.8 327
25.84 323
25.88 313
25.92 333
25.96 334
26 329
26.04 338
26.08 325
26.12 340
26.16 325
26.2 323
26.24 328
26.28 331
26.32 322
26.36 329
26.4 326
26.44 334
26.48 347
26.52 331
26.56 326
26.6 358
26.64 313
26.68 322
26.72 319
26.76 315
26.8 349
26.84 329
26.88 345
26.92 327
26.96 323
27 344
27.04 329
27.08 344
27.12 332
27.16 322
27.2 331
27.24 329
27.28 306
27.32 324
27.36 336
27.4 333
27.44 342
27.48 327
27.52 327
27.56 345
27.6 332
27.64 329
27.68 328
27.72 334
27.76 309
27.8 327
27.84 347
27.88 346
27.92 330
27.96 332
28 328
28.04 330
28.08 335
28.12 333
28.16 331
28.2 336
28.24 336
28.28 333
28.32 329
28.36 331
28.4 324
28.44 334
28.48 331
28.52 331
28.56 327
28.6 330
28.64 330
28.68 334
28.72 332
28.76 331
28.8 329
28.84 329
28.88 331
28.92 330
28.96 331
29 329
29.04 328
29.08 329
29.12 330
29.16 330
29.2 328
29.24 329
29.28 330
29.32 329
29.36 330
29.4 331
29.44 328
29.48 329
29.52 329
29.56 327
29.6 327
29.64 328
29.68 326
29.72 326
29.76 327
29.8 329
29.84 329
29.88 330
29.92 327
29.96 329
30 329
30.04 327
30.08 328
30.12 330
30.16 328
30.2 328
30.24 327
30.28 328
30.32 328
30.36 330
30.4 333
30.44 326
30.48 327
30.52 326
30.56 327
30.6 330
30.64 329
30.68 331
30.72 329
30.76 328
30.8 328
30.84 328
30.88 327
30.92 329
30.96 328
31 331
31.04 328
31.08 328
31.12 330
31.16 328
31.2 329
31.24 328
31.28 330
31.32 328
31.36 329
31.4 332
31.44 329
31.48 330
31.52 326
31.56 331
31.6 329
31.64 327
31.68 330
31.72 330
31.76 330
31.8 326
31.84 332
31.88 330
31.92 330
31.96 329
32 327
32.04 330
32.08 324
32.12 322
32.16 328
32.2 329
32.24 315
32.28 336
32.32 321
32.36 323
32.4 327
32.44 327
32.48 328
32.52 326
32.56 336
32.6 329
32.64 328
32.68 326
32.72 326
32.76 326
32.8 330
32.84 329
32.88 333
32.92 325
32.96 328
33 325
33.04 328
33.08 324
33.12 344
33.16 328
33.2 336
33.24 329
33.28 322
33.32 320
33.36 332
33.4 338
33.44 356
33.48 327
33.52 331
33.56 318
33.6 325
33.64 329
33.68 324
33.72 362
33.76 337
33.8 323
33.84 327
33.88 339
33.92 331
33.96 317
34 326
34.04 322
34.08 315
34.12 323
34.16 343
34.2 322
34.24 327
34.28 318
34.32 313
34.36 309
34.4 329
34.44 327
34.48 347
34.52 319
34.56 317
34.6 331
34.64 324
34.68 325
34.72 347
34.76 332
34.8 331
34.84 321
34.88 333
34.92 330
34.96 326
35 332
35.04 327
35.08 331
35.12 334
35.16 339
35.2 331
35.24 335
35.28 332
35.32 336
35.36 333
35.4 335
35.44 329
35.48 329
35.52 326
35.56 336
35.6 335
35.64 326
35.68 335
35.72 334
35.76 330
35.8 336
35.84 334
35.88 332
35.92 331
35.96 333
36 328
36.04 330
36.08 332
36.12 329
36.16 332
36.2 334
36.24 329
36.28 329
36.32 327
36.36 329
36.4 332
36.44 330
36.48 330
36.52 329
36.56 331
36.6 327
36.64 329
36.68 330
36.72 328
36.76 329
36.8 331
36.84 327
36.88 327
36.92 330
36.96 328
37 330
37.04 329
37.08 331
37.12 330
37.16 329
37.2 329
37.24 331
37.28 329
37.32 327
37.36 331
37.4 327
37.44 327
37.48 331
37.52 326
37.56 328
37.6 327
37.64 329
37.68 327
37.72 326
37.76 326
37.8 328
37.84 327
37.88 328
37.92 328
37.96 328
38 328
38.04 329
38.08 328
38.12 330
38.16 327
38.2 327
38.24 331
38.28 329
38.32 330
38.36 327
38.4 328
38.44 327
38.48 329
38.52 326
38.56 330
38.6 325
38.64 332
38.68 325
38.72 334
38.76 331
38.8 323
38.84 333
38.88 327
38.92 340
38.96 320
39 330
39.04 315
39.08 327
39.12 325
39.16 321
39.2 324
39.24 332
39.28 331
39.32 333
39.36 328
39.4 329
39.44 329
39.48 326
39.52 332
39.56 331
39.6 325
39.64 323
39.68 335
39.72 316
39.76 337
39.8 339
39.84 319
39.88 332
39.92 321
39.96 319
40 324
40.04 351
40.08 309
40.12 336
40.16 338
40.2 330
40.24 362
40.28 351
40.32 325
40.36 337
40.4 328
40.44 348
40.48 301
40.52 330
40.56 326
40.6 336
40.64 339
40.68 349
40.72 337
40.76 330
40.8 333
40.84 321
40.88 340
40.92 336
40.96 326
41 320
41.04 321
41.08 330
41.12 325
41.16 331
41.2 327
41.24 327
41.28 336
41.32 327
41.36 328
41.4 330
41.44 333
41.48 332
41.52 334
41.56 331
41.6 332
41.64 333
41.68 329
41.72 324
41.76 328
41.8 328
41.84 329
41.88 334
41.92 329
41.96 330
42 331
42.04 331
42.08 331
42.12 330
